0	0
0	0
0	0
0	0
0	0
0	0
0	0
0	0
0	0
0	0
0	0
0	0
0	0
0	0
0	0
0	0
0	0
0	0
0	0
0	0
0	0
0	0
0	0
0	0
0	0
0	0
0	0
0	0
0	0
0	0
0	0
0	0
0	0
0	0
0	0
0	0
0	0
0	0
0	0
0	0
0	0
0	0
0	0
0	0
0	0
0	0
0	0
0	0
0	0
0	0
0	0
0	0
0	0
0	0
0	0
0	0
0	0
0	0
0	0
0	0
0	0
0	0
0	0
0	0
0	0
0	0
0	0
0	0
0	0
0	0
0	0
0	0
0	0
0	0
0	0
0	0
0	0
0	0
0	0
0	0
0	0
0	0
0	0
0	0
0	0
0	0
0	0
0	0
0	0
0	0
0	0
0	0
0	0
0	0
0	0
0	0
0	0
0	0
0	0
0	0
0	0
0	0
0	0
0	0
0	0
0	0
0	0
0	0
0	0
0	0
0	0
0	0
0	0
0	0
0	0
0	0
0	0
0	0
0	0
0	0
0	0
0	0
0	0
0	0
0	0
0	0
0	0
0	0
0	0
0	0
0	0
0	0
0	0
0	0
0	0
0	0
0	0
0	0
0	0
0	0
0	0
0	0
0	0
0	0
0	0
0	0
0	0
0	0
0	0
0	0
0	0
0	0
0	0
0	0
0	0
0	0
0	0
0	0
0	0
0	0
0	0
0	0
0	0
0	0
0	0
0	0
0	0
0	0
0	0
0	0
0	0
0	0
0	0
0	0
0	0
0	0
0	0
0	0
0	0
0	0
Passage par zéro n° 1 pour IR - old : 10 new : -6
0	0
0	0
0	0
Passage par zéro n° 1 pour R - old : 8 new : -6
0	0
0	0
0	0
0	0
0	0
0	0
0	0
0	0
0	0
0	0
0	0
0	0
0	0
0	0
0	0
0	0
0	0
0	0
0	0
0	0
0	0
0	0
0	0
0	0
0	0
0	0
0	0
0	0
0	0
0	0
0	0
0	0
0	0
0	0
0	0
0	0
0	0
0	0
0	0
0	0
0	0
0	0
0	0
0	0
0	0
0	0
0	0
0	0
0	0
0	0
0	0
0	0
0	0
0	0
0	0
0	0
0	0
0	0
0	0
0	0
0	0
0	0
0	0
0	0
0	0
0	0
0	0
0	0
0	0
0	0
0	0
0	0
0	0
0	0
0	0
0	0
0	0
0	0
0	0
0	0
0	0
0	0
0	0
0	0
0	0
0	0
0	0
0	0
0	0
0	0
0	0
0	0
0	0
0	0
0	0
0	0
0	0
0	0
0	0
0	0
0	0
0	0
0	0
0	0
0	0
0	0
0	0
0	0
0	0
0	0
0	0
0	0
0	0
0	0
0	0
0	0
0	0
0	0
0	0
0	0
0	0
0	0
0	0
0	0
0	0
0	0
0	0
0	0
0	0
0	0
0	0
0	0
0	0
0	0
0	0
0	0
0	0
0	0
0	0
0	0
0	0
0	0
0	0
0	0
0	0
0	0
0	0
0	0
0	0
0	0
0	0
0	0
0	0
0	0
0	0
0	0
0	0
0	0
0	0
0	0
0	0
0	0
0	0
0	0
0	0
0	0
0	0
0	0
0	0
0	0
0	0
0	0
0	0
0	0
0	0
0	0
0	0
0	0
0	0
0	0
0	0
0	0
0	0
0	0
0	0
0	0
0	0
0	0
0	0
0	0
0	0
0	0
0	0
0	0
0	0
0	0
0	0
0	0
0	0
0	0
0	0
0	0
0	0
0	0
0	0
0	0
0	0
0	0
0	0
0	0
0	0
0	0
0	0
0	0
0	0
0	0
0	0
0	0
0	0
0	0
0	0
0	0
0	0
0	0
0	0
0	0
0	0
0	0
0	0
Passage par zéro n° 2 pour R - old : -21 new : 2
0	0
Passage par zéro n° 2 pour IR - old : -8 new : 13
0	0
0	0
0	0
0	0
0	0
0	0
0	0
0	0
0	0
0	0
0	0
0	0
0	0
0	0
0	0
0	0
0	0
0	0
0	0
0	0
0	0
0	0
0	0
0	0
0	0
0	0
0	0
0	0
0	0
0	0
0	0
0	0
0	0
0	0
0	0
0	0
0	0
0	0
0	0
0	0
0	0
0	0
0	0
0	0
0	0
0	0
0	0
0	0
0	0
0	0
0	0
0	0
0	0
0	0
0	0
0	0
0	0
0	0
0	0
0	0
0	0
0	0
0	0
0	0
0	0
0	0
0	0
0	0
0	0
0	0
0	0
0	0
0	0
0	0
0	0
0	0
0	0
0	0
0	0
0	0
0	0
0	0
0	0
0	0
0	0
0	0
0	0
0	0
0	0
0	0
0	0
0	0
0	0
0	0
0	0
0	0
0	0
0	0
0	0
0	0
0	0
0	0
0	0
0	0
0	0
0	0
0	0
0	0
0	0
0	0
0	0
0	0
0	0
0	0
0	0
0	0
0	0
0	0
0	0
0	0
0	0
0	0
0	0
0	0
0	0
0	0
0	0
0	0
0	0
0	0
0	0
0	0
0	0
0	0
0	0
0	0
0	0
0	0
0	0
0	0
0	0
0	0
0	0
0	0
0	0
0	0
0	0
0	0
0	0
0	0
0	0
0	0
0	0
0	0
0	0
0	0
0	0
0	0
0	0
0	0
0	0
0	0
0	0
0	0
0	0
0	0
0	0
0	0
0	0
0	0
0	0
0	0
0	0
0	0
0	0
0	0
0	0
0	0
0	0
0	0
0	0
0	0
0	0
0	0
0	0
0	0
0	0
0	0
0	0
0	0
0	0
0	0
0	0
0	0
0	0
0	0
0	0
0	0
0	0
0	0
0	0
0	0
0	0
0	0
0	0
0	0
0	0
0	0
0	0
0	0
0	0
0	0
0	0
0	0
0	0
0	0
0	0
0	0
0	0
0	0
0	0
0	0
0	0
0	0
0	0
Passage par zéro n° 3 pour IR - old : 10 new : -12
Une période à été aquise sur : IR
Avant spo2 :
acRmax : 702.000000, acRmin : -1084.000000
acIRmax : 1045.000000, acIRmin : -1039.000000
dcR : 1886.000000, dcIR : 1886.000000
le rapport1 vaut : 0.946978
le rapport2 vaut : 1.104984
le ratio vaut : 0.857006
11	88
Passage par zéro n° 3 pour R - old : 19 new : -3
Une période à été aquise sur : R
Avant spo2 :
acRmax : 1058.000000, acRmin : -1084.000000
acIRmax : 1045.000000, acIRmin : -1039.000000
dcR : 1886.000000, dcIR : 1886.000000
le rapport1 vaut : 1.135737
le rapport2 vaut : 1.104984
le ratio vaut : 1.027831
29	84
29	84
29	84
29	84
29	84
29	84
29	84
29	84
29	84
29	84
29	84
29	84
29	84
29	84
29	84
29	84
29	84
29	84
29	84
29	84
29	84
29	84
29	84
29	84
29	84
29	84
29	84
29	84
29	84
29	84
29	84
29	84
29	84
29	84
29	84
29	84
29	84
29	84
29	84
29	84
29	84
29	84
29	84
29	84
29	84
29	84
29	84
29	84
29	84
29	84
29	84
29	84
29	84
29	84
29	84
29	84
29	84
29	84
29	84
29	84
29	84
29	84
29	84
29	84
29	84
29	84
29	84
29	84
29	84
29	84
29	84
29	84
29	84
29	84
29	84
29	84
29	84
29	84
29	84
29	84
29	84
29	84
29	84
29	84
29	84
29	84
29	84
29	84
29	84
29	84
29	84
29	84
29	84
29	84
29	84
29	84
29	84
29	84
29	84
29	84
29	84
29	84
29	84
29	84
29	84
29	84
29	84
29	84
29	84
29	84
29	84
29	84
29	84
29	84
29	84
29	84
29	84
29	84
29	84
29	84
29	84
29	84
29	84
29	84
29	84
29	84
29	84
29	84
29	84
29	84
29	84
29	84
29	84
29	84
29	84
29	84
29	84
29	84
29	84
29	84
29	84
29	84
29	84
29	84
29	84
29	84
29	84
29	84
29	84
29	84
29	84
29	84
29	84
29	84
29	84
29	84
29	84
29	84
29	84
29	84
29	84
29	84
29	84
29	84
29	84
29	84
29	84
29	84
29	84
29	84
29	84
29	84
29	84
29	84
29	84
29	84
29	84
29	84
29	84
29	84
29	84
29	84
29	84
29	84
29	84
29	84
29	84
29	84
29	84
29	84
29	84
29	84
29	84
29	84
29	84
29	84
29	84
29	84
29	84
29	84
29	84
29	84
29	84
29	84
29	84
29	84
29	84
29	84
29	84
29	84
29	84
29	84
29	84
29	84
29	84
29	84
29	84
29	84
29	84
29	84
29	84
29	84
29	84
29	84
Passage par zéro n° 2 pour IR - old : -7 new : 6
29	84
Passage par zéro n° 2 pour R - old : -7 new : 8
29	84
29	84
29	84
29	84
29	84
29	84
29	84
29	84
29	84
29	84
29	84
29	84
29	84
29	84
29	84
29	84
29	84
29	84
29	84
29	84
29	84
29	84
29	84
29	84
29	84
29	84
29	84
29	84
29	84
29	84
29	84
29	84
29	84
29	84
29	84
29	84
29	84
29	84
29	84
29	84
29	84
29	84
29	84
29	84
29	84
29	84
29	84
29	84
29	84
29	84
29	84
29	84
29	84
29	84
29	84
29	84
29	84
29	84
29	84
29	84
29	84
29	84
29	84
29	84
29	84
29	84
29	84
29	84
29	84
29	84
29	84
29	84
29	84
29	84
29	84
29	84
29	84
29	84
29	84
29	84
29	84
29	84
29	84
29	84
29	84
29	84
29	84
29	84
29	84
29	84
29	84
29	84
29	84
29	84
29	84
29	84
29	84
29	84
29	84
29	84
29	84
29	84
29	84
29	84
29	84
29	84
29	84
29	84
29	84
29	84
29	84
29	84
29	84
29	84
29	84
29	84
29	84
29	84
29	84
29	84
29	84
29	84
29	84
29	84
29	84
29	84
29	84
29	84
29	84
29	84
29	84
29	84
29	84
29	84
29	84
29	84
29	84
29	84
29	84
29	84
29	84
29	84
29	84
29	84
29	84
29	84
29	84
29	84
29	84
29	84
29	84
29	84
29	84
29	84
29	84
29	84
29	84
29	84
29	84
29	84
29	84
29	84
29	84
29	84
29	84
29	84
29	84
29	84
29	84
29	84
29	84
29	84
29	84
29	84
29	84
29	84
29	84
29	84
29	84
29	84
29	84
29	84
29	84
29	84
Passage par zéro n° 3 pour R - old : 2 new : -12
Passage par zéro n° 3 pour IR - old : 2 new : -15
Une période à été aquise sur : R
Une période à été aquise sur : IR
Avant spo2 :
acRmax : 940.000000, acRmin : -1033.000000
acIRmax : 911.000000, acIRmin : -1053.000000
dcR : 1855.000000, dcIR : 1855.000000
le rapport1 vaut : 1.063612
le rapport2 vaut : 1.058760
le ratio vaut : 1.004582
59	85
59	85
59	85
59	85
59	85
59	85
59	85
59	85
59	85
59	85
59	85
59	85
59	85
59	85
59	85
59	85
59	85
59	85
59	85
59	85
59	85
59	85
59	85
59	85
59	85
59	85
59	85
59	85
59	85
59	85
59	85
59	85
59	85
59	85
59	85
59	85
59	85
59	85
59	85
59	85
59	85
59	85
59	85
59	85
59	85
59	85
59	85
59	85
59	85
59	85
59	85
59	85
59	85
59	85
59	85
59	85
59	85
59	85
59	85
59	85
59	85
59	85
59	85
59	85
59	85
59	85
59	85
59	85
59	85
59	85
59	85
59	85
59	85
59	85
59	85
59	85
59	85
59	85
59	85
59	85
59	85
59	85
59	85
59	85
59	85
59	85
59	85
59	85
59	85
59	85
59	85
59	85
59	85
59	85
59	85
59	85
59	85
59	85
59	85
59	85
59	85
59	85
59	85
59	85
59	85
59	85
59	85
59	85
59	85
59	85
59	85
59	85
59	85
59	85
59	85
59	85
59	85
59	85
59	85
59	85
59	85
59	85
59	85
59	85
59	85
59	85
59	85
59	85
59	85
59	85
59	85
59	85
59	85
59	85
59	85
59	85
59	85
59	85
59	85
59	85
59	85
59	85
59	85
59	85
59	85
59	85
59	85
59	85
59	85
59	85
59	85
59	85
59	85
59	85
59	85
59	85
59	85
59	85
59	85
59	85
59	85
59	85
59	85
59	85
59	85
59	85
59	85
59	85
59	85
59	85
59	85
59	85
59	85
59	85
59	85
59	85
59	85
59	85
59	85
59	85
59	85
59	85
59	85
59	85
59	85
59	85
59	85
59	85
59	85
59	85
59	85
59	85
59	85
59	85
59	85
59	85
59	85
59	85
59	85
59	85
59	85
59	85
59	85
59	85
59	85
59	85
59	85
59	85
59	85
59	85
59	85
59	85
59	85
59	85
59	85
59	85
59	85
59	85
59	85
59	85
59	85
Passage par zéro n° 2 pour IR - old : -18 new : 3
59	85
Passage par zéro n° 2 pour R - old : -17 new : 5
59	85
59	85
59	85
59	85
59	85
59	85
59	85
59	85
59	85
59	85
59	85
59	85
59	85
59	85
59	85
59	85
59	85
59	85
59	85
59	85
59	85
59	85
59	85
59	85
59	85
59	85
59	85
59	85
59	85
59	85
59	85
59	85
59	85
59	85
59	85
59	85
59	85
59	85
59	85
59	85
59	85
59	85
59	85
59	85
59	85
59	85
59	85
59	85
59	85
59	85
59	85
59	85
59	85
59	85
59	85
59	85
59	85
59	85
59	85
59	85
59	85
59	85
59	85
59	85
59	85
59	85
59	85
59	85
59	85
59	85
59	85
59	85
59	85
59	85
59	85
59	85
59	85
59	85
59	85
59	85
59	85
59	85
59	85
59	85
59	85
59	85
59	85
59	85
59	85
59	85
59	85
59	85
59	85
59	85
59	85
59	85
59	85
59	85
59	85
59	85
59	85
59	85
59	85
59	85
59	85
59	85
59	85
59	85
59	85
59	85
59	85
59	85
59	85
59	85
59	85
59	85
59	85
59	85
59	85
59	85
59	85
59	85
59	85
59	85
59	85
59	85
59	85
59	85
59	85
59	85
59	85
59	85
59	85
59	85
59	85
59	85
59	85
59	85
59	85
59	85
59	85
59	85
59	85
59	85
59	85
59	85
59	85
59	85
59	85
59	85
59	85
59	85
59	85
59	85
59	85
59	85
59	85
59	85
59	85
59	85
59	85
59	85
59	85
59	85
59	85
59	85
59	85
59	85
59	85
59	85
59	85
59	85
59	85
59	85
59	85
59	85
59	85
59	85
59	85
59	85
59	85
59	85
59	85
59	85
59	85
59	85
59	85
59	85
59	85
59	85
59	85
59	85
59	85
59	85
59	85
59	85
59	85
59	85
59	85
59	85
59	85
59	85
59	85
59	85
59	85
59	85
59	85
59	85
59	85
59	85
59	85
59	85
59	85
59	85
59	85
59	85
59	85
59	85
59	85
59	85
59	85
59	85
59	85
59	85
59	85
Passage par zéro n° 3 pour IR - old : 12 new : -10
Une période à été aquise sur : IR
Avant spo2 :
acRmax : 940.000000, acRmin : -1020.000000
acIRmax : 1088.000000, acIRmin : -1040.000000
dcR : 1840.000000, dcIR : 1840.000000
le rapport1 vaut : 1.065217
le rapport2 vaut : 1.156522
le ratio vaut : 0.921053
59	86
59	86
59	86
Passage par zéro n° 3 pour R - old : 3 new : -20
Une période à été aquise sur : R
Avant spo2 :
acRmax : 1091.000000, acRmin : -1020.000000
acIRmax : 1088.000000, acIRmin : -1040.000000
dcR : 1840.000000, dcIR : 1840.000000
le rapport1 vaut : 1.147283
le rapport2 vaut : 1.156522
le ratio vaut : 0.992011
65	85
65	85
65	85
65	85
65	85
65	85
65	85
65	85
65	85
65	85
65	85
65	85
65	85
65	85
65	85
65	85
65	85
65	85
65	85
65	85
65	85
65	85
65	85
65	85
65	85
65	85
65	85
65	85
65	85
65	85
65	85
65	85
65	85
65	85
65	85
65	85
65	85
65	85
65	85
65	85
65	85
65	85
65	85
65	85
65	85
65	85
65	85
65	85
65	85
65	85
65	85
65	85
65	85
65	85
65	85
65	85
65	85
65	85
65	85
65	85
65	85
65	85
65	85
65	85
65	85
65	85
65	85
65	85
65	85
65	85
65	85
65	85
65	85
65	85
65	85
65	85
65	85
65	85
65	85
65	85
65	85
65	85
65	85
65	85
65	85
65	85
65	85
65	85
65	85
65	85
65	85
65	85
65	85
65	85
65	85
65	85
65	85
65	85
65	85
65	85
65	85
65	85
65	85
65	85
65	85
65	85
65	85
65	85
65	85
65	85
65	85
65	85
65	85
65	85
65	85
65	85
65	85
65	85
65	85
65	85
65	85
65	85
65	85
65	85
65	85
65	85
65	85
65	85
65	85
65	85
65	85
65	85
65	85
65	85
65	85
65	85
65	85
65	85
65	85
65	85
65	85
65	85
65	85
65	85
65	85
65	85
65	85
65	85
65	85
65	85
65	85
65	85
65	85
65	85
65	85
65	85
65	85
65	85
65	85
65	85
65	85
65	85
65	85
65	85
65	85
65	85
65	85
65	85
65	85
65	85
65	85
65	85
65	85
65	85
65	85
65	85
65	85
65	85
65	85
65	85
65	85
65	85
65	85
65	85
65	85
65	85
65	85
65	85
65	85
65	85
65	85
65	85
65	85
65	85
65	85
65	85
65	85
65	85
65	85
65	85
65	85
65	85
65	85
65	85
65	85
65	85
65	85
65	85
65	85
65	85
65	85
65	85
65	85
65	85
65	85
65	85
65	85
65	85
65	85
Passage par zéro n° 2 pour IR - old : -5 new : 8
65	85
Passage par zéro n° 2 pour R - old : -10 new : 5
65	85
65	85
65	85
65	85
65	85
65	85
65	85
65	85
65	85
65	85
65	85
65	85
65	85
65	85
65	85
65	85
65	85
65	85
65	85
65	85
65	85
65	85
65	85
65	85
65	85
65	85
65	85
65	85
65	85
65	85
65	85
65	85
65	85
65	85
65	85
65	85
65	85
65	85
65	85
65	85
65	85
65	85
65	85
65	85
65	85
65	85
65	85
65	85
65	85
65	85
65	85
65	85
65	85
65	85
65	85
65	85
65	85
65	85
65	85
65	85
65	85
65	85
65	85
65	85
65	85
65	85
65	85
65	85
65	85
65	85
65	85
65	85
65	85
65	85
65	85
65	85
65	85
65	85
65	85
65	85
65	85
65	85
65	85
65	85
65	85
65	85
65	85
65	85
65	85
65	85
65	85
65	85
65	85
65	85
65	85
65	85
65	85
65	85
65	85
65	85
65	85
65	85
65	85
65	85
65	85
65	85
65	85
65	85
65	85
65	85
65	85
65	85
65	85
65	85
65	85
65	85
65	85
65	85
65	85
65	85
65	85
65	85
65	85
65	85
65	85
65	85
65	85
65	85
65	85
65	85
65	85
65	85
65	85
65	85
65	85
65	85
65	85
65	85
65	85
65	85
65	85
65	85
65	85
65	85
65	85
65	85
65	85
65	85
65	85
65	85
65	85
65	85
65	85
65	85
65	85
65	85
65	85
65	85
65	85
65	85
65	85
65	85
65	85
65	85
65	85
65	85
65	85
65	85
65	85
65	85
65	85
65	85
65	85
65	85
65	85
65	85
65	85
65	85
65	85
65	85
65	85
65	85
65	85
65	85
65	85
65	85
65	85
Passage par zéro n° 3 pour R - old : 11 new : -2
Une période à été aquise sur : R
Avant spo2 :
acRmax : 926.000000, acRmin : -1011.000000
acIRmax : 1088.000000, acIRmin : -1068.000000
dcR : 1834.000000, dcIR : 1834.000000
le rapport1 vaut : 1.056161
le rapport2 vaut : 1.175573
le ratio vaut : 0.898423
67	87
67	87
Passage par zéro n° 3 pour IR - old : 5 new : -11
Une période à été aquise sur : IR
Avant spo2 :
acRmax : 926.000000, acRmin : -1011.000000
acIRmax : 919.000000, acIRmin : -1068.000000
dcR : 1834.000000, dcIR : 1834.000000
le rapport1 vaut : 1.056161
le rapport2 vaut : 1.083424
le ratio vaut : 0.974836
70	85
70	85
70	85
70	85
70	85
70	85
70	85
70	85
70	85
70	85
70	85
70	85
70	85
70	85
70	85
70	85
70	85
70	85
70	85
70	85
70	85
70	85
70	85
70	85
70	85
70	85
70	85
70	85
70	85
70	85
70	85
70	85
70	85
70	85
70	85
70	85
70	85
70	85
70	85
70	85
70	85
70	85
70	85
70	85
70	85
70	85
70	85
70	85
70	85
70	85
70	85
70	85
70	85
70	85
70	85
70	85
70	85
70	85
70	85
70	85
70	85
70	85
70	85
70	85
70	85
70	85
70	85
70	85
70	85
70	85
70	85
70	85
70	85
70	85
70	85
70	85
70	85
70	85
70	85
70	85
70	85
70	85
70	85
70	85
70	85
70	85
70	85
70	85
70	85
70	85
70	85
70	85
70	85
70	85
70	85
70	85
70	85
70	85
70	85
70	85
70	85
70	85
70	85
70	85
70	85
70	85
70	85
70	85
70	85
70	85
70	85
70	85
70	85
70	85
70	85
70	85
70	85
70	85
70	85
70	85
70	85
70	85
70	85
70	85
70	85
70	85
70	85
70	85
70	85
70	85
70	85
70	85
70	85
70	85
70	85
70	85
70	85
70	85
70	85
70	85
70	85
70	85
70	85
70	85
70	85
70	85
70	85
70	85
70	85
70	85
70	85
70	85
70	85
70	85
70	85
70	85
70	85
70	85
70	85
70	85
70	85
70	85
70	85
70	85
70	85
70	85
70	85
70	85
70	85
70	85
70	85
70	85
70	85
70	85
70	85
70	85
70	85
70	85
70	85
70	85
70	85
70	85
70	85
70	85
70	85
70	85
70	85
70	85
70	85
70	85
70	85
70	85
70	85
70	85
70	85
70	85
70	85
70	85
70	85
70	85
70	85
70	85
70	85
70	85
70	85
70	85
70	85
70	85
70	85
70	85
70	85
70	85
70	85
70	85
70	85
70	85
70	85
70	85
70	85
70	85
70	85
Passage par zéro n° 2 pour R - old : -14 new : 8
70	85
70	85
Passage par zéro n° 2 pour IR - old : -11 new : 14
70	85
70	85
70	85
70	85
70	85
70	85
70	85
70	85
70	85
70	85
70	85
70	85
70	85
70	85
70	85
70	85
70	85
70	85
70	85
70	85
70	85
70	85
70	85
70	85
70	85
70	85
70	85
70	85
70	85
70	85
70	85
70	85
70	85
70	85
70	85
70	85
70	85
70	85
70	85
70	85
70	85
70	85
70	85
70	85
70	85
70	85
70	85
70	85
70	85
70	85
70	85
70	85
70	85
70	85
70	85
70	85
70	85
70	85
70	85
70	85
70	85
70	85
70	85
70	85
70	85
70	85
70	85
70	85
70	85
70	85
70	85
70	85
70	85
70	85
70	85
70	85
70	85
70	85
70	85
70	85
70	85
70	85
70	85
70	85
70	85
70	85
70	85
70	85
70	85
70	85
70	85
70	85
70	85
70	85
70	85
70	85
70	85
70	85
70	85
70	85
70	85
70	85
70	85
70	85
70	85
70	85
70	85
70	85
70	85
70	85
70	85
70	85
70	85
70	85
70	85
70	85
70	85
70	85
70	85
70	85
70	85
70	85
70	85
70	85
70	85
70	85
70	85
70	85
70	85
70	85
70	85
70	85
70	85
70	85
70	85
70	85
70	85
70	85
70	85
70	85
70	85
70	85
70	85
70	85
70	85
70	85
70	85
70	85
70	85
70	85
70	85
70	85
70	85
70	85
70	85
70	85
70	85
70	85
70	85
70	85
70	85
70	85
70	85
70	85
70	85
70	85
70	85
70	85
70	85
70	85
70	85
70	85
70	85
70	85
70	85
70	85
70	85
70	85
70	85
70	85
70	85
70	85
70	85
70	85
70	85
70	85
70	85
70	85
70	85
70	85
70	85
70	85
70	85
70	85
70	85
70	85
70	85
70	85
70	85
70	85
70	85
70	85
70	85
70	85
70	85
70	85
70	85
70	85
70	85
70	85
70	85
70	85
70	85
70	85
70	85
70	85
70	85
70	85
70	85
70	85
70	85
70	85
70	85
Passage par zéro n° 3 pour IR - old : 21 new : -1
Une période à été aquise sur : IR
Avant spo2 :
acRmax : 926.000000, acRmin : -1059.000000
acIRmax : 1071.000000, acIRmin : -1066.000000
dcR : 1832.000000, dcIR : 1832.000000
le rapport1 vaut : 1.083515
le rapport2 vaut : 1.166485
le ratio vaut : 0.928872
69	86
Passage par zéro n° 3 pour R - old : 19 new : -5
Une période à été aquise sur : R
Avant spo2 :
acRmax : 1040.000000, acRmin : -1059.000000
acIRmax : 1071.000000, acIRmin : -1066.000000
dcR : 1832.000000, dcIR : 1832.000000
le rapport1 vaut : 1.145742
le rapport2 vaut : 1.166485
le ratio vaut : 0.982218
68	85
68	85
68	85
68	85
68	85
68	85
68	85
68	85
68	85
68	85
68	85
68	85
68	85
68	85
68	85
68	85
68	85
68	85
68	85
68	85
68	85
68	85
68	85
68	85
68	85
68	85
68	85
68	85
68	85
68	85
68	85
68	85
68	85
68	85
68	85
68	85
68	85
68	85
68	85
68	85
68	85
68	85
68	85
68	85
68	85
68	85
68	85
68	85
68	85
68	85
68	85
68	85
68	85
68	85
68	85
68	85
68	85
68	85
68	85
68	85
68	85
68	85
68	85
68	85
68	85
68	85
68	85
68	85
68	85
68	85
68	85
68	85
68	85
68	85
68	85
68	85
68	85
68	85
68	85
68	85
68	85
68	85
68	85
68	85
68	85
68	85
68	85
68	85
68	85
68	85
68	85
68	85
68	85
68	85
68	85
68	85
68	85
68	85
68	85
68	85
68	85
68	85
68	85
68	85
68	85
68	85
68	85
68	85
68	85
68	85
68	85
68	85
68	85
68	85
68	85
68	85
68	85
68	85
68	85
68	85
68	85
68	85
68	85
68	85
68	85
68	85
68	85
68	85
68	85
68	85
68	85
68	85
68	85
68	85
68	85
68	85
68	85
68	85
68	85
68	85
68	85
68	85
68	85
68	85
68	85
68	85
68	85
68	85
68	85
68	85
68	85
68	85
68	85
68	85
68	85
68	85
68	85
68	85
68	85
68	85
68	85
68	85
68	85
68	85
68	85
68	85
68	85
68	85
68	85
68	85
68	85
68	85
68	85
68	85
68	85
68	85
68	85
68	85
68	85
68	85
68	85
68	85
68	85
68	85
68	85
68	85
68	85
68	85
68	85
68	85
68	85
68	85
68	85
68	85
68	85
68	85
68	85
68	85
68	85
68	85
68	85
68	85
68	85
68	85
68	85
68	85
68	85
68	85
68	85
68	85
68	85
68	85
68	85
68	85
68	85
68	85
68	85
68	85
68	85
Passage par zéro n° 2 pour R - old : -4 new : 6
68	85
68	85
68	85
68	85
68	85
68	85
68	85
68	85
68	85
68	85
68	85
68	85
68	85
68	85
68	85
68	85
68	85
68	85
68	85
68	85
68	85
68	85
68	85
68	85
68	85
68	85
68	85
68	85
68	85
68	85
68	85
68	85
68	85
68	85
68	85
68	85
68	85
68	85
68	85
68	85
68	85
68	85
68	85
68	85
68	85
68	85
68	85
68	85
68	85
68	85
68	85
68	85
68	85
68	85
68	85
68	85
68	85
68	85
68	85
68	85
68	85
68	85
68	85
68	85
68	85
68	85
68	85
68	85
68	85
68	85
68	85
68	85
68	85
68	85
68	85
68	85
68	85
68	85
68	85
68	85
68	85
68	85
68	85
68	85
68	85
68	85
68	85
68	85
68	85
68	85
68	85
68	85
68	85
68	85
68	85
68	85
68	85
68	85
68	85
68	85
68	85
68	85
68	85
68	85
68	85
68	85
68	85
68	85
68	85
68	85
68	85
68	85
68	85
68	85
68	85
68	85
68	85
68	85
68	85
68	85
68	85
68	85
68	85
68	85
68	85
68	85
68	85
68	85
68	85
68	85
68	85
68	85
68	85
68	85
68	85
68	85
68	85
68	85
68	85
68	85
68	85
68	85
68	85
68	85
68	85
68	85
68	85
68	85
68	85
68	85
68	85
68	85
68	85
68	85
68	85
68	85
68	85
68	85
68	85
68	85
68	85
68	85
68	85
68	85
68	85
68	85
68	85
68	85
68	85
68	85
68	85
68	85
68	85
68	85
68	85
68	85
68	85
68	85
68	85
68	85
68	85
68	85
68	85
68	85
68	85
68	85
68	85
68	85
68	85
68	85
68	85
68	85
Passage par zéro n° 2 pour IR - old : 10 new : -3
68	85
68	85
68	85
68	85
68	85
68	85
68	85
68	85
68	85
68	85
68	85
68	85
68	85
68	85
68	85
68	85
68	85
68	85
68	85
68	85
68	85
68	85
68	85
68	85
68	85
68	85
68	85
68	85
68	85
68	85
68	85
68	85
68	85
68	85
68	85
68	85
68	85
68	85
68	85
68	85
68	85
68	85
68	85
68	85
68	85
68	85
68	85
68	85
68	85
68	85
68	85
68	85
68	85
68	85
68	85
68	85
68	85
68	85
68	85
68	85
68	85
68	85
68	85
68	85
68	85
68	85
68	85
68	85
68	85
68	85
68	85
68	85
68	85
68	85
68	85
68	85
68	85
68	85
68	85
68	85
68	85
68	85
68	85
68	85
68	85
68	85
68	85
68	85
68	85
68	85
68	85
68	85
68	85
68	85
68	85
68	85
68	85
68	85
68	85
68	85
68	85
68	85
68	85
68	85
68	85
68	85
68	85
68	85
68	85
68	85
68	85
68	85
68	85
68	85
68	85
68	85
68	85
68	85
68	85
68	85
68	85
68	85
68	85
68	85
68	85
68	85
68	85
68	85
68	85
68	85
68	85
68	85
68	85
68	85
68	85
68	85
68	85
68	85
68	85
68	85
68	85
68	85
68	85
68	85
68	85
68	85
68	85
68	85
68	85
68	85
68	85
68	85
68	85
68	85
68	85
68	85
68	85
68	85
68	85
68	85
68	85
68	85
68	85
68	85
68	85
68	85
68	85
68	85
68	85
68	85
68	85
68	85
68	85
68	85
68	85
68	85
68	85
68	85
68	85
68	85
68	85
68	85
68	85
68	85
68	85
68	85
68	85
68	85
68	85
68	85
68	85
68	85
68	85
68	85
68	85
68	85
68	85
68	85
68	85
68	85
68	85
68	85
68	85
68	85
68	85
68	85
68	85
68	85
68	85
68	85
68	85
68	85
68	85
68	85
68	85
68	85
68	85
68	85
68	85
68	85
68	85
68	85
Passage par zéro n° 3 pour R - old : -8 new : 19
Une période à été aquise sur : R
Avant spo2 :
acRmax : 1040.000000, acRmin : -1068.000000
acIRmax : 907.000000, acIRmin : -1066.000000
dcR : 1831.000000, dcIR : 1831.000000
le rapport1 vaut : 1.151284
le rapport2 vaut : 1.077553
le ratio vaut : 1.068424
63	83
Passage par zéro n° 3 pour IR - old : -9 new : 15
Une période à été aquise sur : IR
Avant spo2 :
acRmax : 1040.000000, acRmin : -1068.000000
acIRmax : 907.000000, acIRmin : -1028.000000
dcR : 1831.000000, dcIR : 1831.000000
le rapport1 vaut : 1.151284
le rapport2 vaut : 1.056800
le ratio vaut : 1.089406
55	82
55	82
55	82
55	82
55	82
55	82
55	82
55	82
55	82
55	82
55	82
55	82
55	82
55	82
55	82
55	82
55	82
55	82
55	82
55	82
55	82
55	82
55	82
55	82
55	82
55	82
55	82
55	82
55	82
55	82
55	82
55	82
55	82
55	82
55	82
55	82
55	82
55	82
55	82
55	82
55	82
55	82
55	82
55	82
55	82
55	82
55	82
55	82
55	82
55	82
55	82
55	82
55	82
55	82
55	82
55	82
55	82
55	82
55	82
55	82
55	82
55	82
55	82
55	82
55	82
55	82
55	82
55	82
55	82
55	82
55	82
55	82
55	82
55	82
55	82
55	82
55	82
55	82
55	82
55	82
55	82
55	82
55	82
55	82
55	82
55	82
55	82
55	82
55	82
55	82
55	82
55	82
55	82
55	82
55	82
55	82
55	82
55	82
55	82
55	82
55	82
55	82
55	82
55	82
55	82
55	82
55	82
55	82
55	82
55	82
55	82
55	82
55	82
55	82
55	82
55	82
55	82
55	82
55	82
55	82
55	82
55	82
55	82
55	82
55	82
55	82
55	82
55	82
55	82
55	82
55	82
55	82
55	82
55	82
55	82
55	82
55	82
55	82
55	82
55	82
55	82
55	82
55	82
55	82
55	82
55	82
55	82
55	82
55	82
55	82
55	82
55	82
55	82
55	82
55	82
55	82
55	82
55	82
55	82
55	82
55	82
55	82
55	82
55	82
55	82
55	82
55	82
55	82
55	82
55	82
55	82
55	82
55	82
55	82
55	82
55	82
55	82
55	82
55	82
55	82
55	82
55	82
55	82
55	82
55	82
55	82
55	82
55	82
55	82
55	82
55	82
55	82
55	82
55	82
55	82
55	82
55	82
55	82
55	82
55	82
55	82
55	82
55	82
55	82
55	82
55	82
55	82
55	82
55	82
55	82
55	82
55	82
55	82
55	82
55	82
55	82
55	82
55	82
55	82
55	82
55	82
55	82
55	82
Passage par zéro n° 2 pour R - old : 14 new : -8
Passage par zéro n° 2 pour IR - old : 17 new : -3
55	82
55	82
55	82
55	82
55	82
55	82
55	82
55	82
55	82
55	82
55	82
55	82
55	82
55	82
55	82
55	82
55	82
55	82
55	82
55	82
55	82
55	82
55	82
55	82
55	82
55	82
55	82
55	82
55	82
55	82
55	82
55	82
55	82
55	82
55	82
55	82
55	82
55	82
55	82
55	82
55	82
55	82
55	82
55	82
55	82
55	82
55	82
55	82
55	82
55	82
55	82
55	82
55	82
55	82
55	82
55	82
55	82
55	82
55	82
55	82
55	82
55	82
55	82
55	82
55	82
55	82
55	82
55	82
55	82
55	82
55	82
55	82
55	82
55	82
55	82
55	82
55	82
55	82
55	82
55	82
55	82
55	82
55	82
55	82
55	82
55	82
55	82
55	82
55	82
55	82
55	82
55	82
55	82
55	82
55	82
55	82
55	82
55	82
55	82
55	82
55	82
55	82
55	82
55	82
55	82
55	82
55	82
55	82
55	82
55	82
55	82
55	82
55	82
55	82
55	82
55	82
55	82
55	82
55	82
55	82
55	82
55	82
55	82
55	82
55	82
55	82
55	82
55	82
55	82
55	82
55	82
55	82
55	82
55	82
55	82
55	82
55	82
55	82
55	82
55	82
55	82
55	82
55	82
55	82
55	82
55	82
55	82
55	82
55	82
55	82
55	82
55	82
55	82
55	82
55	82
55	82
55	82
55	82
55	82
55	82
55	82
55	82
55	82
55	82
55	82
55	82
55	82
55	82
55	82
55	82
55	82
55	82
55	82
55	82
55	82
55	82
55	82
55	82
55	82
55	82
55	82
55	82
55	82
55	82
55	82
55	82
55	82
55	82
55	82
55	82
55	82
55	82
55	82
55	82
55	82
55	82
55	82
55	82
55	82
55	82
55	82
55	82
55	82
55	82
55	82
55	82
55	82
55	82
55	82
55	82
55	82
55	82
55	82
55	82
55	82
55	82
55	82
55	82
55	82
55	82
Passage par zéro n° 3 pour R - old : -4 new : 1
Passage par zéro n° 3 pour IR - old : -6 new : 1
Une période à été aquise sur : R
Une période à été aquise sur : IR
Avant spo2 :
acRmax : 1053.000000, acRmin : -1050.000000
acIRmax : 1090.000000, acIRmin : -986.000000
dcR : 1830.000000, dcIR : 1830.000000
le rapport1 vaut : 1.149180
le rapport2 vaut : 1.134426
le ratio vaut : 1.013006
61	85
61	85
61	85
61	85
61	85
61	85
61	85
61	85
61	85
61	85
61	85
61	85
61	85
61	85
61	85
61	85
61	85
61	85
61	85
61	85
61	85
61	85
61	85
61	85
61	85
61	85
61	85
61	85
61	85
61	85
61	85
61	85
61	85
61	85
61	85
61	85
61	85
61	85
61	85
61	85
61	85
61	85
61	85
61	85
61	85
61	85
61	85
61	85
61	85
61	85
61	85
61	85
61	85
61	85
61	85
61	85
61	85
61	85
61	85
61	85
61	85
61	85
61	85
61	85
61	85
61	85
61	85
61	85
61	85
61	85
61	85
61	85
61	85
61	85
61	85
61	85
61	85
61	85
61	85
61	85
61	85
61	85
61	85
61	85
61	85
61	85
61	85
61	85
61	85
61	85
61	85
61	85
61	85
61	85
61	85
61	85
61	85
61	85
61	85
61	85
61	85
61	85
61	85
61	85
61	85
61	85
61	85
61	85
61	85
61	85
61	85
61	85
61	85
61	85
61	85
61	85
61	85
61	85
61	85
61	85
61	85
61	85
61	85
61	85
61	85
61	85
61	85
61	85
61	85
61	85
61	85
61	85
61	85
61	85
61	85
61	85
61	85
61	85
61	85
61	85
61	85
61	85
61	85
61	85
61	85
61	85
61	85
61	85
61	85
61	85
61	85
61	85
61	85
61	85
61	85
61	85
61	85
61	85
61	85
61	85
61	85
61	85
61	85
61	85
61	85
61	85
61	85
61	85
61	85
61	85
61	85
61	85
61	85
61	85
61	85
61	85
61	85
61	85
61	85
61	85
61	85
61	85
61	85
61	85
61	85
61	85
61	85
61	85
61	85
61	85
Passage par zéro n° 2 pour R - old : 3 new : -13
61	85
Passage par zéro n° 2 pour IR - old : 8 new : -9
61	85
61	85
61	85
61	85
61	85
61	85
61	85
61	85
61	85
61	85
61	85
61	85
61	85
61	85
61	85
61	85
61	85
61	85
61	85
61	85
61	85
61	85
61	85
61	85
61	85
61	85
61	85
61	85
61	85
61	85
61	85
61	85
61	85
61	85
61	85
61	85
61	85
61	85
61	85
61	85
61	85
61	85
61	85
61	85
61	85
61	85
61	85
61	85
61	85
61	85
61	85
61	85
61	85
61	85
61	85
61	85
61	85
61	85
61	85
61	85
61	85
61	85
61	85
61	85
61	85
61	85
61	85
61	85
61	85
61	85
61	85
61	85
61	85
61	85
61	85
61	85
61	85
61	85
61	85
61	85
61	85
61	85
61	85
61	85
61	85
61	85
61	85
61	85
61	85
61	85
61	85
61	85
61	85
61	85
61	85
61	85
61	85
61	85
61	85
61	85
61	85
61	85
61	85
61	85
61	85
61	85
61	85
61	85
61	85
61	85
61	85
61	85
61	85
61	85
61	85
61	85
61	85
61	85
61	85
61	85
61	85
61	85
61	85
61	85
61	85
61	85
61	85
61	85
61	85
61	85
61	85
61	85
61	85
61	85
61	85
61	85
61	85
61	85
61	85
61	85
61	85
61	85
61	85
61	85
61	85
61	85
61	85
61	85
61	85
61	85
61	85
61	85
61	85
61	85
61	85
61	85
61	85
61	85
61	85
61	85
61	85
61	85
61	85
61	85
61	85
61	85
61	85
61	85
61	85
61	85
61	85
61	85
61	85
61	85
61	85
61	85
61	85
61	85
61	85
61	85
61	85
61	85
61	85
61	85
61	85
61	85
61	85
61	85
61	85
61	85
61	85
61	85
61	85
61	85
61	85
61	85
61	85
61	85
61	85
61	85
61	85
61	85
61	85
61	85
61	85
61	85
61	85
61	85
61	85
61	85
61	85
61	85
61	85
61	85
61	85
61	85
61	85
61	85
61	85
61	85
61	85
61	85
Passage par zéro n° 3 pour R - old : -18 new : 6
Une période à été aquise sur : R
Avant spo2 :
acRmax : 984.000000, acRmin : -1056.000000
acIRmax : 947.000000, acIRmin : -986.000000
dcR : 1830.000000, dcIR : 1830.000000
le rapport1 vaut : 1.114754
le rapport2 vaut : 1.056284
le ratio vaut : 1.055354
66	83
66	83
Passage par zéro n° 3 pour IR - old : -8 new : 15
Une période à été aquise sur : IR
Avant spo2 :
acRmax : 984.000000, acRmin : -1056.000000
acIRmax : 947.000000, acIRmin : -1048.000000
dcR : 1830.000000, dcIR : 1830.000000
le rapport1 vaut : 1.114754
le rapport2 vaut : 1.090164
le ratio vaut : 1.022556
69	84
69	84
69	84
69	84
69	84
69	84
69	84
69	84
69	84
69	84
69	84
69	84
69	84
69	84
69	84
69	84
69	84
69	84
69	84
69	84
69	84
69	84
69	84
69	84
69	84
69	84
69	84
69	84
69	84
69	84
69	84
69	84
69	84
69	84
69	84
69	84
69	84
69	84
69	84
69	84
69	84
69	84
69	84
69	84
69	84
69	84
69	84
69	84
69	84
69	84
69	84
69	84
69	84
69	84
69	84
69	84
69	84
69	84
69	84
69	84
69	84
69	84
69	84
69	84
69	84
69	84
69	84
69	84
69	84
69	84
69	84
69	84
69	84
69	84
69	84
69	84
69	84
69	84
69	84
69	84
69	84
69	84
69	84
69	84
69	84
69	84
69	84
69	84
69	84
69	84
69	84
69	84
69	84
69	84
69	84
69	84
69	84
69	84
69	84
69	84
69	84
69	84
69	84
69	84
69	84
69	84
69	84
69	84
69	84
69	84
69	84
69	84
69	84
69	84
69	84
69	84
69	84
69	84
69	84
69	84
69	84
69	84
69	84
69	84
69	84
69	84
69	84
69	84
69	84
69	84
69	84
69	84
69	84
69	84
69	84
69	84
69	84
69	84
69	84
69	84
69	84
69	84
69	84
69	84
69	84
69	84
69	84
69	84
69	84
69	84
69	84
69	84
69	84
69	84
69	84
69	84
69	84
69	84
69	84
69	84
69	84
69	84
69	84
69	84
69	84
69	84
69	84
69	84
69	84
69	84
69	84
69	84
69	84
69	84
69	84
69	84
69	84
69	84
69	84
69	84
69	84
69	84
69	84
69	84
69	84
69	84
69	84
69	84
69	84
69	84
69	84
69	84
69	84
69	84
69	84
69	84
69	84
69	84
69	84
69	84
69	84
69	84
69	84
69	84
69	84
69	84
69	84
69	84
69	84
69	84
69	84
69	84
69	84
69	84
69	84
69	84
69	84
69	84
69	84
69	84
69	84
69	84
69	84
69	84
Passage par zéro n° 2 pour R - old : 9 new : -9
Passage par zéro n° 2 pour IR - old : 18 new : -3
69	84
69	84
69	84
69	84
69	84
69	84
69	84
69	84
69	84
69	84
69	84
69	84
69	84
69	84
69	84
69	84
69	84
69	84
69	84
69	84
69	84
69	84
69	84
69	84
69	84
69	84
69	84
69	84
69	84
69	84
69	84
69	84
69	84
69	84
69	84
69	84
69	84
69	84
69	84
69	84
69	84
69	84
69	84
69	84
69	84
69	84
69	84
69	84
69	84
69	84
69	84
69	84
69	84
69	84
69	84
69	84
69	84
69	84
69	84
69	84
69	84
69	84
69	84
69	84
69	84
69	84
69	84
69	84
69	84
69	84
69	84
69	84
69	84
69	84
69	84
69	84
69	84
69	84
69	84
69	84
69	84
69	84
69	84
69	84
69	84
69	84
69	84
69	84
69	84
69	84
69	84
69	84
69	84
69	84
69	84
69	84
69	84
69	84
69	84
69	84
69	84
69	84
69	84
69	84
69	84
69	84
69	84
69	84
69	84
69	84
69	84
69	84
69	84
69	84
69	84
69	84
69	84
69	84
69	84
69	84
69	84
69	84
69	84
69	84
69	84
69	84
69	84
69	84
69	84
69	84
69	84
69	84
69	84
69	84
69	84
69	84
69	84
69	84
69	84
69	84
69	84
69	84
69	84
69	84
69	84
69	84
69	84
69	84
69	84
69	84
69	84
69	84
69	84
69	84
69	84
69	84
69	84
69	84
69	84
69	84
69	84
69	84
69	84
69	84
69	84
69	84
69	84
69	84
69	84
69	84
69	84
69	84
69	84
69	84
69	84
69	84
69	84
69	84
69	84
69	84
69	84
69	84
69	84
69	84
69	84
69	84
69	84
69	84
69	84
69	84
69	84
69	84
69	84
69	84
69	84
69	84
69	84
69	84
69	84
69	84
69	84
69	84
69	84
69	84
69	84
69	84
69	84
69	84
69	84
69	84
69	84
69	84
69	84
69	84
69	84
Passage par zéro n° 3 pour R - old : -5 new : 1
Une période à été aquise sur : R
Avant spo2 :
acRmax : 1088.000000, acRmin : -1022.000000
acIRmax : 1065.000000, acIRmin : -1048.000000
dcR : 1830.000000, dcIR : 1830.000000
le rapport1 vaut : 1.153005
le rapport2 vaut : 1.154645
le ratio vaut : 0.998580
69	85
69	85
69	85
69	85
69	85
69	85
69	85
69	85
69	85
69	85
69	85
69	85
69	85
69	85
69	85
69	85
69	85
69	85
69	85
69	85
69	85
69	85
69	85
69	85
69	85
69	85
69	85
69	85
69	85
69	85
69	85
69	85
69	85
69	85
69	85
69	85
69	85
69	85
69	85
69	85
69	85
69	85
69	85
69	85
69	85
69	85
69	85
69	85
69	85
69	85
69	85
69	85
69	85
69	85
69	85
69	85
69	85
69	85
69	85
69	85
69	85
69	85
69	85
69	85
69	85
69	85
69	85
69	85
69	85
69	85
69	85
69	85
69	85
69	85
69	85
69	85
69	85
69	85
69	85
69	85
69	85
69	85
69	85
69	85
69	85
69	85
69	85
69	85
69	85
69	85
69	85
69	85
69	85
69	85
69	85
69	85
69	85
69	85
69	85
69	85
69	85
69	85
69	85
69	85
69	85
69	85
69	85
69	85
69	85
69	85
69	85
69	85
69	85
69	85
69	85
69	85
69	85
69	85
69	85
69	85
69	85
69	85
69	85
69	85
69	85
69	85
69	85
69	85
69	85
69	85
69	85
69	85
69	85
69	85
69	85
69	85
69	85
69	85
69	85
69	85
69	85
69	85
69	85
69	85
69	85
69	85
69	85
69	85
69	85
69	85
69	85
69	85
69	85
69	85
69	85
69	85
69	85
69	85
69	85
69	85
69	85
69	85
69	85
69	85
69	85
69	85
69	85
69	85
69	85
69	85
69	85
69	85
69	85
69	85
69	85
69	85
69	85
69	85
69	85
69	85
69	85
69	85
69	85
69	85
69	85
69	85
69	85
69	85
69	85
69	85
69	85
69	85
69	85
Passage par zéro n° 2 pour R - old : 16 new : -2
69	85
69	85
69	85
69	85
69	85
69	85
69	85
69	85
69	85
69	85
69	85
69	85
69	85
69	85
69	85
69	85
69	85
69	85
69	85
69	85
69	85
69	85
69	85
69	85
69	85
69	85
69	85
69	85
69	85
69	85
69	85
69	85
69	85
69	85
69	85
69	85
69	85
69	85
69	85
69	85
69	85
69	85
69	85
69	85
69	85
69	85
69	85
69	85
69	85
69	85
69	85
69	85
69	85
69	85
69	85
69	85
69	85
69	85
69	85
69	85
69	85
69	85
69	85
69	85
69	85
69	85
69	85
69	85
69	85
69	85
69	85
69	85
69	85
69	85
69	85
69	85
69	85
69	85
69	85
69	85
69	85
69	85
69	85
69	85
69	85
69	85
69	85
69	85
69	85
69	85
69	85
69	85
69	85
69	85
69	85
69	85
69	85
69	85
69	85
69	85
69	85
69	85
69	85
69	85
69	85
69	85
69	85
69	85
69	85
69	85
69	85
69	85
69	85
69	85
69	85
69	85
69	85
69	85
69	85
69	85
69	85
69	85
69	85
69	85
69	85
69	85
69	85
69	85
69	85
69	85
69	85
69	85
69	85
69	85
69	85
69	85
69	85
69	85
69	85
69	85
69	85
69	85
69	85
69	85
69	85
69	85
69	85
69	85
69	85
69	85
69	85
69	85
69	85
69	85
69	85
69	85
69	85
69	85
69	85
69	85
69	85
69	85
69	85
69	85
69	85
69	85
69	85
69	85
69	85
69	85
69	85
69	85
69	85
69	85
69	85
69	85
69	85
69	85
69	85
69	85
69	85
69	85
69	85
69	85
69	85
69	85
69	85
69	85
69	85
69	85
69	85
69	85
69	85
69	85
69	85
69	85
69	85
69	85
69	85
69	85
69	85
69	85
69	85
69	85
69	85
69	85
69	85
69	85
69	85
69	85
69	85
69	85
69	85
69	85
69	85
69	85
69	85
69	85
69	85
69	85
69	85
69	85
69	85
69	85
69	85
Passage par zéro n° 3 pour IR - old : -18 new : 4
Une période à été aquise sur : IR
Avant spo2 :
acRmax : 946.000000, acRmin : -1022.000000
acIRmax : 1065.000000, acIRmin : -1041.000000
dcR : 1830.000000, dcIR : 1830.000000
le rapport1 vaut : 1.075410
le rapport2 vaut : 1.150820
le ratio vaut : 0.934473
60	86
Passage par zéro n° 3 pour R - old : -11 new : 12
Une période à été aquise sur : R
Avant spo2 :
acRmax : 946.000000, acRmin : -1048.000000
acIRmax : 1065.000000, acIRmin : -1041.000000
dcR : 1830.000000, dcIR : 1830.000000
le rapport1 vaut : 1.089617
le rapport2 vaut : 1.150820
le ratio vaut : 0.946819
56	86
56	86
56	86
56	86
56	86
56	86
56	86
56	86
56	86
56	86
56	86
56	86
56	86
56	86
56	86
56	86
56	86
56	86
56	86
56	86
56	86
56	86
56	86
56	86
56	86
56	86
56	86
56	86
56	86
56	86
56	86
56	86
56	86
56	86
56	86
56	86
56	86
56	86
56	86
56	86
56	86
56	86
56	86
56	86
56	86
56	86
56	86
56	86
56	86
56	86
56	86
56	86
56	86
56	86
56	86
56	86
56	86
56	86
56	86
56	86
56	86
56	86
56	86
56	86
56	86
56	86
56	86
56	86
56	86
56	86
56	86
56	86
56	86
56	86
56	86
56	86
56	86
56	86
56	86
56	86
56	86
56	86
56	86
56	86
56	86
56	86
56	86
56	86
56	86
56	86
56	86
56	86
56	86
56	86
56	86
56	86
56	86
56	86
56	86
56	86
56	86
56	86
56	86
56	86
56	86
56	86
56	86
56	86
56	86
56	86
56	86
56	86
56	86
56	86
56	86
56	86
56	86
56	86
56	86
56	86
56	86
56	86
56	86
56	86
56	86
56	86
56	86
56	86
56	86
56	86
56	86
56	86
56	86
56	86
56	86
56	86
56	86
56	86
56	86
56	86
56	86
56	86
56	86
56	86
56	86
56	86
56	86
56	86
56	86
56	86
56	86
56	86
56	86
56	86
56	86
56	86
56	86
56	86
56	86
56	86
56	86
56	86
56	86
56	86
56	86
56	86
56	86
56	86
56	86
56	86
56	86
56	86
56	86
56	86
56	86
56	86
56	86
56	86
56	86
56	86
56	86
56	86
56	86
56	86
56	86
56	86
56	86
56	86
56	86
56	86
56	86
56	86
56	86
56	86
56	86
56	86
56	86
56	86
56	86
56	86
56	86
56	86
56	86
56	86
56	86
56	86
56	86
56	86
56	86
56	86
56	86
56	86
56	86
56	86
56	86
56	86
56	86
56	86
56	86
56	86
56	86
56	86
Passage par zéro n° 2 pour IR - old : 17 new : -2
56	86
56	86
Passage par zéro n° 2 pour R - old : 15 new : -2
56	86
56	86
56	86
56	86
56	86
56	86
56	86
56	86
56	86
56	86
56	86
56	86
56	86
56	86
56	86
56	86
56	86
56	86
56	86
56	86
56	86
56	86
56	86
56	86
56	86
56	86
56	86
56	86
56	86
56	86
56	86
56	86
56	86
56	86
56	86
56	86
56	86
56	86
56	86
56	86
56	86
56	86
56	86
56	86
56	86
56	86
56	86
56	86
56	86
56	86
56	86
56	86
56	86
56	86
56	86
56	86
56	86
56	86
56	86
56	86
56	86
56	86
56	86
56	86
56	86
56	86
56	86
56	86
56	86
56	86
56	86
56	86
